#1
a=c(8.57,7.79,7.15,1.25,3.3,1.56,7.79,2.47,4.89,3.75,5.13,3.15,7.15,4.89,2.82,4.71,2.74,5.12,1.25,3.75,4.71,9.1,2.45,6.23,3.3,5.13,2.74,2.45,5.55,4.56,1.56,3.15,5.12,6.23,4.56,2.92)
a
a1=matrix(a,6,6,byrow=)
a1
eigen(a1)

#2
b=c(76,78,71,67,78,63,77,72,71,71,80,85,67,72,85,99)
b
b1=matrix(b,4,4,byrow=T)
b1
eigen(b1)

#3
c=c(83,73,71,5,30,73,13,53,37,51,71,53,22,88,47,5,37,88,87,45,30,51,47,45,55)
c
c1=matrix(c,5,5,byrow=T)
c1
eigen(c1)

#4
d=c(18,33,27,36,41,28,17,11,45)
d
d1=matrix(d,3,3,byrow=T)
d1
eigen(d1)

#5
g=c(0,1,2,3,4,5,6,7,8,9,1,2,3,4,5,6,7,8,9,0,2,3,4,5,6,7,8,9,0,1,3,4,5,6,7,8,9,0,1,2,4,5,6,7,8,9,0,1,2,3,5,6,7,8,9,0,1,2,3,4,6,7,8,9,0,1,2,3,4,5,7,8,9,0,1,2,3,4,5,6,8,9,0,1,2,3,4,5,6,7,9,0,1,2,3,4,5,6,7,8)
g
g1=matrix(g,10,10,byrow=T)
g1
eigen(g1)

#6
h=c(0,1,1,rep(0,7),0,0,1,1,rep(0,6),0,0,0,1,1,rep(0,5),0,0,0,0,1,1,rep(0,4),0,0,0,0,1,1,rep(0,3),0,0,0,0,0,0,1,1,rep(0,2),0,0,0,0,0,0,0,1,1,rep(0,1),0,0,0,0,0,0,0,0,1,1)
h
h1=matrix(h,10,10,byrow=T)
h1
eigen(h1)


f1=g1+h1
f1
